25
10 20
1 2 3 4 5 6 7 8 9 10
9 1 9
5 0
3 1 3
6 0
10 0
8 1 8
7 1 7
5 1 5
6 1 6
10 1 10
3 0
2 0
9 0
1 1 1
2 1 2
8 0
4 1 4
4 0
7 0
1 0
1 20
16
7 1 4
2 2 19 7
5 2 3 2
12 1 5
14 1 12
6 3 7 14 3
9 1 6
4 1 9
10 2 16 4
1 1 10
19 1 1
13 1 19
20 3 5 13 1
17 1 20
18 1 17
11 1 18
3 1 11
8 1 3
15 1 8
16 3 12 15 9
1 1
2
1 3 1 2 3
1 2
2
2 0
2 1 2
2 20
2 1
1 1 3
1 0
1 3 2 1 3
1 1 3
1 1 3
2 0
3 0
1 0
3 0
2 1 2
3 2 3 1
3 3 1 1 1
3 1 3
3 2 1 1
3 1 2
2 3 3 3 3
2 1 1
2 2 2 2
3 1 1
2 1 3
1 1
2
2 3 1 2 3
1 15
3
3 2 1 3
3 2 3 1
2 2 3 1
2 4 2 3 1 2
2 0
2 2 1 3
1 1 2
1 1 1
2 1 2
1 0
3 2 2 2
2 0
3 1 1
2 2 1 1
2 1 2
1 1
2
2 0
3 3
1 1 1
1 0
1 0
1 0
1 1
2
1 1 1
1 20
10
3 2 12 15
2 1 20
17 3 11 16 12
20 3 11 6 1
1 3 20 8 11
16 4 16 4 12 7
10 3 4 6 1
19 3 16 3 13
7 2 20 14
6 1 2
15 2 3 17
13 1 19
8 1 9
4 2 5 5
12 1 13
11 1 12
14 3 11 18 20
9 1 14
5 1 8
18 1 4
3 5
1 1 1
1 2 1 2
2 2 2 1
2 0
1 1 2
2 1 1
20 15
1 2 2 4 5 3 5 5 3 3 2 5 1 5 4 4 2 4 4 5
5 0
2 1 5
4 1 2
2 2 2 5
4 0
4 4 4 3 3 2
5 0
3 0
5 2 4 1
4 1 2
5 5 2 5 4 1 1
1 0
2 2 2 3
1 1 5
1 1 3
2 20
1 4
3 1 4
1 1 1
3 1 2
3 2 3 2
4 3 4 2 3
4 0
2 2 3 3
3 1 2
3 1 4
2 0
1 0
2 1 2
3 0
4 3 1 4 2
4 3 2 2 3
4 2 4 1
1 1 2
2 4 3 3 2 2
1 4 3 2 1 4
1 0
4 15
1 1 2 3
2 1 3
2 5 3 1 2 2 3
1 1 1
2 2 1 2
2 0
2 1 1
2 0
1 1 3
2 1 3
1 2 3 3
1 5 3 2 2 2 2
2 2 1 1
2 2 2 3
3 0
1 1 1
3 20
1 3 1
2 1 3
1 2 2 3
3 1 2
1 2 2 1
2 1 2
3 1 3
2 0
2 0
3 1 3
1 1 1
1 2 1 3
1 1 2
3 0
1 0
2 1 2
3 6 2 3 3 2 1 1
3 1 3
3 2 1 2
3 1 3
2 3 2 3 1
2 13
2 2
2 0
2 1 2
2 0
2 1 2
2 2 2 2
2 0
2 0
2 0
2 0
2 3 2 2 2
2 1 2
2 1 2
2 1 2
1 4
1
1 0
1 2 1 3
2 0
3 1 2
2 10
3 5
6 2 5 3
6 1 2
3 2 6 6
3 1 5
4 3 2 2 6
2 1 2
6 2 1 6
6 2 5 5
6 5 6 2 4 2 2
6 1 6
3 19
1 1 1
1 0
1 0
1 0
1 0
1 0
1 0
1 1 1
1 1 1
1 1 1
1 1 1
1 1 1
1 1 1
1 1 1
1 1 1
1 1 1
1 2 1 1
1 2 1 1
1 2 1 1
1 2 1 1
23 5
4 3 3 2 1 3 4 2 4 1 1 1 4 3 3 2 4 4 2 3 2 2 2
3 0
4 3 4 4 1
1 0
4 2 4 4
2 1 4
3 10
1 2 1
1 2 2 1
2 0
2 2 2 1
2 1 2
1 2 1 2
1 3 2 2 2
2 0
2 1 1
1 2 2 2
1 1 1
2 9
13 13
13 1 13
13 1 13
13 2 13 13
13 0
13 1 13
13 0
13 1 13
13 0
13 1 13
2 20
1 1
2 3 1 3 3
3 2 2 1
3 1 2
1 1 2
2 3 1 3 3
2 1 2
1 1 3
1 0
1 0
3 2 2 1
1 0
1 3 1 1 2
2 0
2 1 2
2 2 1 3
3 0
1 0
2 0
2 2 1 3
3 1 1
1 20
2
1 2 3 1
1 1 1
4 4 2 4 3 1
2 1 4
2 2 3 4
4 3 2 4 3
4 1 2
4 2 3 3
4 1 3
2 2 4 4
1 1 3
3 0
3 2 4 4
4 1 1
3 1 4
2 1 4
3 2 2 2
1 3 4 3 4
2 1 3
1 3 4 4 2
